<?xml version="1.0" encoding="UTF-8" standalone="no"?>
<!-- Created with Inkscape (http://www.inkscape.org/) -->

<svg
   width="256mm"
   height="64mm"
   viewBox="0 0 256 64"
   version="1.1"
   id="svg115"
   inkscape:export-filename="fillru-256x64.svg"
   inkscape:export-xdpi="25.4"
   inkscape:export-ydpi="25.4"
   xmlns:inkscape="http://www.inkscape.org/namespaces/inkscape"
   xmlns:sodipodi="http://sodipodi.sourceforge.net/DTD/sodipodi-0.dtd"
   xmlns="http://www.w3.org/2000/svg"
   xmlns:svg="http://www.w3.org/2000/svg">
  <sodipodi:namedview
     id="namedview117"
     pagecolor="#ffffff"
     bordercolor="#000000"
     borderopacity="0.25"
     inkscape:showpageshadow="2"
     inkscape:pageopacity="0.0"
     inkscape:pagecheckerboard="false"
     inkscape:deskcolor="#d1d1d1"
     inkscape:document-units="mm"
     showgrid="false"
     showguides="true" />
  <defs
     id="defs112" />
  <g
     inkscape:label="Слой 1"
     inkscape:groupmode="layer"
     id="layer1">
    <path
       d="m 28.598075,43.331932 c 1.884109,4.655103 0.568277,10.046726 4.304481,10.176435 1.347019,-0.07798 2.405509,-1.425434 1.244889,-5.873712 -0.666778,-2.212482 -1.547493,-4.398138 -2.900035,-6.524948 -0.127356,-0.226237 0.29534,-0.502394 1.110806,-0.81439 1.592799,-0.694278 3.185519,-1.388519 4.778289,-2.08281 1.76793,-0.677598 0.45715,-2.779099 -1.29798,-2.076744 -1.85899,0.809712 -3.673265,1.786837 -5.027434,2.829641 -1.342707,0.482904 -3.959418,-8.559187 -4.469747,-9.949035 -0.392493,-1.173832 3.469773,-1.51628 5.713103,-2.041948 2.262348,-0.66494 3.901438,-1.802847 5.131238,-3.251112 0.53784,-0.633264 0.75817,-0.886698 0.78057,-1.752709 0.0214,-0.822932 -0.34808,-1.33179 -1.1989,-1.45348 -1.18092,-0.168927 -1.22735,0.266728 -2.04418,0.982204 -1.857421,1.627192 -4.003987,2.811325 -6.458,3.617947 -1.158938,0.374196 -2.555453,1.243293 -3.068259,0.271625 -0.464877,-1.085068 -0.437687,-1.877717 -0.78506,-2.347862 -1.063911,-1.439679 -2.04274,-0.310929 -2.359706,1.073424 -0.38765,1.692546 0.346763,2.664455 0.282031,3.053234 -0.120886,0.724466 -3.635446,1.378996 -4.687362,5.719652 -0.437316,2.202096 -0.289369,3.298962 0.797204,5.101678 1.902223,3.155315 4.254518,-0.905258 2.409041,-2.154077 -4.091322,-4.211153 1.917288,-8.254027 2.372516,-5.396026 l 3.367648,8.343697 c 0.189573,0.430936 0.379239,0.861907 0.56885,1.292806 0.455154,0.756908 -1.040566,1.577496 -1.682577,2.107784 -0.343047,0.283157 -0.40715,0.289702 -0.413934,0.783997 -0.0055,0.464618 0.212901,0.762183 0.652731,0.896273 0.453934,0.138206 0.450256,0.0532 0.797315,-0.212167 0.318833,-0.243873 0.637777,-0.487784 0.956684,-0.731622 0.563361,-0.405771 0.948238,-0.296321 1.125778,0.412245 z m 25.35661,-7.885565 h 0.0255 c 0.15064,2.6245 -0.58052,8.186563 2.8051,8.771522 3.80413,0.657339 6.21238,-5.115044 7.42422,-8.04417 -0.29488,2.183863 -0.66164,5.063292 0.39373,6.652011 1.11422,1.677482 3.69572,1.045773 5.1012,0.02994 2.87934,-2.081195 5.45808,-7.205524 6.23007,-8.832546 0.73613,-1.551542 1.53559,-3.54565 0.43593,-2.783132 -0.61323,0.425241 -1.79472,2.849888 -3.30665,5.258418 -1.05938,1.687534 -2.41691,3.358602 -3.30018,4.272644 -1.57624,1.631114 -1.82797,0.608639 -1.69712,-0.817945 0.23306,-2.541733 0.16062,-4.959297 0.4134,-7.510018 0.09,-0.909602 0.11571,-2.002902 0.51563,-2.820608 l 1.50821,-2.681793 c 0.55795,-1.077697 1.08512,-2.35569 1.51164,-3.492599 1.3233,-3.527208 2.61619,-7.661252 1.49657,-9.924996 -1.01676,-1.303572 -2.44686,-1.332496 -3.52238,-0.445452 -3.0697,1.904713 -3.84824,10.440492 -4.97529,16.818391 l -0.19898,1.516637 c -1.07179,3.268247 -2.61337,6.60842 -4.64465,9.40987 -1.5717,2.167577 -2.03638,-0.208693 -2.10351,-1.901382 -0.11553,-2.582504 -0.21649,-4.831314 -0.33192,-7.413779 -0.0408,-0.913264 0.12698,-1.539709 0.40591,-2.406233 l 0.88277,-2.54299 c 0.39802,-1.146453 0.6382,-2.016234 0.89781,-3.20257 0.80532,-3.680257 1.65496,-8.145003 0.0615,-10.036966 -1.1833,-1.405451 -2.61225,-0.968879 -3.54983,0.06285 -2.58064,2.297347 -2.20412,10.867426 -2.51885,17.357158 -1.34966,5.589537 -2.77227,10.092149 -4.16664,11.967412 -1.77319,2.691761 -2.6466,-9.153984 -2.60049,-10.258006 0.0706,-3.569533 0.0852,-7.46578 -2.13717,-5.097813 -1.70842,1.550429 -2.15797,3.357786 -1.78555,5.332869 0.51105,3.266608 1.0221,6.533122 1.53317,9.79973 0.41997,2.600891 1.5178,3.845847 3.44252,3.43719 1.3399,-0.29675 2.56156,-1.289083 3.54734,-3.666348 0.92071,-2.163362 1.6129,-4.457119 2.20676,-6.807315 z m 48.731505,4.569501 c 0.21775,-0.349879 0.43843,-0.695916 0.67684,-1.019662 0.69064,-0.937352 1.23491,-1.757367 2.47133,-1.928691 2.44793,-0.339218 3.90127,0.0048 1.92265,2.409283 -1.0757,1.430114 -2.26897,2.695758 -3.46491,3.957668 -0.41028,0.354212 -1.44012,2.464913 -2.02729,3.606208 -0.82123,1.596246 -1.34419,2.385294 -1.86326,3.498983 -0.430177,1.028483 0.44763,1.291731 1.79468,0.876734 1.73121,-0.40753 6.78765,-3.919713 8.59094,-5.51858 1.26478,-1.12131 2.3281,-0.869133 0.69638,0.62587 -2.70457,2.324555 -5.57233,4.627979 -8.99395,6.462128 -2.48124,1.008333 -4.219805,0.520416 -5.399965,-0.821677 -0.73419,-0.834948 -0.72361,-1.251705 -0.37325,-2.3563 0.47521,-1.498259 1.49731,-3.113435 2.75039,-4.97099 -1.71917,1.322481 -3.55147,2.57348 -5.57806,3.659829 -2.4812,1.008367 -4.99876,0.280464 -6.03108,-1.178439 -0.69676,-0.984592 -0.46819,-1.348983 -0.11793,-2.453582 1.08029,-3.405672 3.17626,-6.102723 4.92048,-9.073705 0.16747,-0.285179 0.59512,-1.041165 1.00262,-1.705565 0.65443,-1.067118 0.61654,-1.145842 1.77124,-1.534622 1.45903,-0.491482 3.19311,-0.703372 3.68377,-0.470852 0.963115,0.117078 0.702168,1.114061 -0.23007,2.334485 -0.60654,0.793943 -1.76953,1.808686 -2.5252,2.704443 -0.88502,1.049076 -1.4979,1.949142 -1.85629,2.618496 -0.73733,1.376889 -2.28592,4.051898 -2.68599,4.748341 -0.54009,0.940269 -0.53306,2.068847 0.0442,2.492147 0.32421,0.237844 0.93905,0.118502 1.68967,-0.112771 0.66907,-0.157522 1.94609,-0.64358 3.2363,-1.427432 1.74836,-1.062239 3.471025,-2.391982 4.674715,-3.409648 0.50673,-0.647983 0.84589,-1.308387 1.22101,-2.012092 z M 80.412655,33.708614 c 0.27734,-0.537551 0.22717,-0.676245 -0.21159,-0.758222 -1.77189,-0.902915 -3.2402,-2.004257 -3.31543,-4.016552 0.004,-1.161313 0.36229,-2.69389 1.448,-3.325768 2.18196,-1.269782 4.35017,2.313128 1.95229,5.340169 -0.48646,0.388602 -0.38088,0.667548 0.12625,0.872151 1.02315,0.20459 1.62548,0.126413 2.64863,0.331046 2.85632,0.27192 -0.6663,6.282328 -1.21254,8.208842 -0.27161,0.957823 -0.35484,1.777575 -0.5309,2.301041 -0.16765,1.102157 0.43914,1.171558 1.6452,0.441968 1.58054,-0.815514 5.82711,-5.476998 7.18843,-7.465792 0.95478,-1.394804 2.04759,-1.408205 0.82752,0.438139 -2.05947,2.911548 -4.28241,5.842121 -7.15647,8.451928 -2.16232,1.580451 -4.08234,1.678271 -5.43799,0.513595 -0.91489,-0.786093 -0.78162,-1.194914 -0.70985,-2.351611 0.14732,-2.374488 0.93155,-4.954513 2.73851,-8.980934 z m -11.37513,-7.538137 c 0.0671,-0.428794 0.9791,-7.937277 2.09656,-10.850604 0.36107,-0.941399 0.78504,-1.498531 1.31866,-1.079862 0.67887,0.532662 0.0998,2.22408 -0.0645,2.924269 -0.42421,1.808006 -1.00406,3.897766 -1.18053,4.431175 -1.12365,3.397398 -2.4336,6.390085 -2.17026,4.575022 z m -11.67366,0.305438 c 0.004,-0.433986 -0.16617,-7.995696 0.52312,-11.038917 0.2227,-0.983367 0.56264,-1.595429 1.15062,-1.257393 0.74815,0.430158 0.41695,2.18697 0.35451,2.903478 -0.16118,1.850055 -0.43628,4.001249 -0.53462,4.55443 -0.62633,3.523207 -1.49474,6.672493 -1.49363,4.838402 z m -14.67888,-3.457773 c -2.45292,-4.00808 2.56908,-6.594848 3.13822,-3.787542 0.63883,2.811399 -1.8025,5.763103 -3.13822,3.787542"
       style="fill:#ffffff;fill-opacity:1;fill-rule:evenodd;stroke:#000000;stroke-width:0.179487;stroke-dasharray:none"
       id="path1374" />
  </g>
</svg>
